A = [0 0 3 0 0; 0 0 3 0 0; 3 3 3 3 3; 0 0 3 0 0; 0 0 3 0 0];
B = [0 0 3 0 0];
C(1,:,:) = [0 0 1 0 0; 0 0 1 0 0; 3 3 2 3 3; 0 0 1 0 0; 0 0 1 0 0];
C(2,:,:) = [0 0 1 0 0; 0 0 1 0 0; 3 3 2 3 3; 0 0 1 0 0; 0 0 1 0 0];
C(3,:,:) = [4 4 2 4 4; 4 4 2 4 4; 2 2 2 2 2; 4 4 2 4 4; 4 4 2 4 4];
C(4,:,:) = [0 0 1 0 0; 0 0 1 0 0; 3 3 2 3 3; 0 0 1 0 0; 0 0 1 0 0];
C(5,:,:) = [0 0 1 0 0; 0 0 1 0 0; 3 3 2 3 3; 0 0 1 0 0; 0 0 1 0 0];
D(1,:,:) = [NaN NaN 1 NaN NaN; NaN NaN 1 NaN NaN; 3 3 2 3 3; NaN NaN 1 NaN NaN; NaN NaN 1 NaN NaN];
D(2,:,:) = [NaN NaN 1 NaN NaN; NaN NaN 1 NaN NaN; 3 3 2 3 3; NaN NaN 1 NaN NaN; NaN NaN 1 NaN NaN];
D(3,:,:) = [4 4 2 4 4; 4 4 2 4 4; 2 2 2 2 2; 4 4 2 4 4; 4 4 2 4 4];
D(4,:,:) = [NaN NaN 1 NaN NaN; NaN NaN 1 NaN NaN; 3 3 2 3 3; NaN NaN 1 NaN NaN; NaN NaN 1 NaN NaN];
D(5,:,:) = [NaN NaN 1 NaN NaN; NaN NaN 1 NaN NaN; 3 3 2 3 3; NaN NaN 1 NaN NaN; NaN NaN 1 NaN NaN];