node = [0,0,0; 1,0,0; 0,1,0; 0,0,1];
elem = [1 2 3 4];