function [RK_para_a,RK_para_b,RK_para_c] = Init_RK4S5 ()

RK_para_a(1) =                               0 ;
RK_para_a(2) =  -567301805773 /  1357537059087 ;
RK_para_a(3) = -2404267990393 /  2016746695238 ;
RK_para_a(4) = -3550918686646 /  2091501179385 ;
RK_para_a(5) = -1275806237668 /   842570457699 ;

RK_para_b(1) =  1432997174477 /  9575080441755 ;
RK_para_b(2) =  5161836677717 / 13612068292357 ;
RK_para_b(3) =  1720146321549 /  2090206949498 ;
RK_para_b(4) =  3134564353537 /  4481467310338 ;
RK_para_b(5) =  2277821191437 / 14882151754819 ;

RK_para_c(1) =                               0 ;
RK_para_c(2) =  1432997174477 /  9575080441755 ;
RK_para_c(3) =  2526269341429 /  6820363962896 ;
RK_para_c(4) =  2006345519317 /  3224310063776 ;
RK_para_c(5) =  2802321613138 /  2924317926251 ;





