%% Initial condition
u = [1 1 1 0 0 0 ; 1 1 1 0 0 0; 1 1 1 0 0 0; .5 .5 .5 1.5 1.5 1.5; ...
    .5 .5 .5 1.5 1.5 1.5; .5 .5 .5 1.5 1.5 1.5]